5
6
6
6
6
6
120
8
96
96 96 96 60 72 72 0 0
0 48 36 36 60 0 72 72
84 60 72 48 0 60 72 72
0 72 84 96 72 84 72 96
72 60 96 96 96 96 96 96
33 28 25 24 35 27 30 40 45 48 33 33 47 25 45 35 29 45 41 47 40 24 25 43 48 37 29 41 37 48 38 28 39 36 47 42 48 28 41 26 40 37 45 43 47 43 42 27 43 24 37 41 27 29 40 35 28 41 38 44 43 34 31 26 45 32 40 26 35 44 33 36 46 34 26 25 35 42 45 46 25 39 31 27 38 40 32 36 44 46 33 43 46 33 30 43 28 47 31 38 31 47 40 44 26 37 40 46 28 29 44 38 29 45 34 26 37 35 44 48
3 1 6 8 8 3 4 6 6 7 8 1 8 8 8 2 7 1 6 2 7 8 5 1 8 4 8 3 8 4 2 2 5 7 1 8 5 3 2 8 8 2 1 1 8 1 1 5 8 8 3 7 2 5 4 6 8 6 8 2 4 4 4 6 1 4 5 6 5 1 3 1 7 3 3 4 5 4 8 8 3 4 4 4 7 2 1 3 3 7 2 1 4 1 5 1 8 7 5 5 8 3 1 7 5 8 5 3 1 6 1 1 5 6 5 2 3 4 5 2
8 7 4 3 9 8 8 7 12 2 14 4 5 6 4 7 4 5 1 11 10 7 4 11 14 5 14 13 10 3 2 5 5 13 3 13 14 12 14 2 8 8 1 8 3 12 11 1 12 12 8 9 9 13 4 13 4 9 6 8 13 8 11 4 8 12 4 7 1 9 10 11 10 2 3 6 8 4 5 11 4 11 5 5 4 7 9 11 9 13 1 8 1 13 13 6 12 11 12 6 12 1 1 3 7 2 4 3 14 13 6 11 14 3 5 13 1 2 11 8
0 0 1 1 0 0 1 0 1 0 1 1 1 1 0 1 0 1 1 1 0 0 1 0 0 1 1 0 1 0 0 0 0 0 0 0 1 0 1 1 0 1 1 1 0 1 0 0 0 1 0 1 0 0 0 1 1 0 1 0 1 0 0 0 0 1 0 0 0 1 1 1 1 0 1 0 0 1 0 1 0 1 1 1 1 1 0 0 0 0 0 1 1 0 0 0 1 1 0 0 1 1 1 1 0 1 1 0 0 1 0 0 0 1 0 0 1 0 1 1