5
6
6
6
6
6
40
8
96
96 96 96 60 72 72 0 0
0 48 36 36 60 0 72 72
84 60 72 48 0 60 72 72
0 72 84 96 72 84 72 96
72 60 96 96 96 96 96 96
37 41 29 37 27 24 34 45 39 40 27 33 28 46 43 27 27 38 42 26 26 28 35 47 27 37 35 43 34 43 37 29 30 44 45 27 27 35 45 40
4 8 1 5 8 4 4 8 1 4 8 2 2 8 2 1 4 8 6 7 2 7 8 6 1 1 4 7 2 1 4 3 2 8 8 7 8 5 6 5
8 11 12 13 13 10 7 13 10 13 2 10 5 4 5 13 14 12 13 3 12 2 13 2 9 8 9 4 6 10 14 4 11 8 8 2 14 4 11 9
0 1 1 1 1 0 0 0 0 1 1 1 1 0 1 1 1 1 1 0 1 0 1 1 1 1 0 0 0 0 0 1 1 1 0 0 0 1 1 0