5
5
3
5
6
7
100
8
96
96 96 96 60 72 72 0 0
0 48 36 36 60 0 72 72
84 60 72 48 0 60 72 72
0 72 84 96 72 84 72 96
72 60 96 96 96 96 96 96
29 36 24 37 34 38 37 27 45 33 42 31 25 44 42 25 25 38 26 39 36 32 31 48 37 38 46 31 36 35 32 37 36 34 27 40 34 34 36 32 32 43 32 44 36 42 31 35 31 24 48 40 24 24 46 38 34 35 24 35 29 42 44 27 25 45 30 36 47 45 35 43 36 37 38 28 44 29 29 45 42 48 47 32 35 42 29 32 42 43 25 34 43 38 31 26 29 34 29 41
8 8 4 4 2 6 7 5 2 8 6 3 3 5 4 8 4 5 6 5 3 7 8 4 5 8 7 8 1 1 5 2 1 6 4 2 6 5 2 8 4 3 8 3 8 7 2 8 2 6 6 4 3 7 2 8 6 3 7 4 5 7 5 2 2 6 3 4 1 1 3 4 3 3 1 2 7 3 3 2 3 7 4 7 4 6 5 1 2 7 5 6 3 2 6 3 1 2 6 6
8 6 12 13 11 11 5 9 14 2 4 11 8 4 3 4 1 13 6 12 5 10 12 12 6 2 8 7 3 9 13 5 1 14 7 9 10 9 6 9 9 12 8 12 10 13 14 4 6 6 12 4 6 5 1 3 8 4 2 2 11 7 2 13 11 9 11 8 9 3 5 13 11 9 1 14 9 11 14 13 1 3 9 8 14 14 7 8 8 12 2 13 14 12 12 7 5 13 13 8
0 1 1 1 0 1 0 1 1 0 1 0 1 0 1 1 1 1 1 0 0 0 0 1 1 0 0 1 0 1 1 0 0 1 0 0 1 1 1 1 0 0 1 1 1 1 1 0 1 0 1 0 0 1 1 1 0 0 1 0 0 0 1 1 1 1 1 0 1 0 0 0 1 0 0 1 1 1 0 0 1 0 1 0 1 1 1 0 1 1 0 0 0 0 1 1 0 0 0 1