5
2
1
3
2
3
80
8
72
72 72 72 60 72 72 0 0
0 48 36 36 60 0 72 72
72 60 72 48 0 60 72 72
0 72 72 72 72 72 72 72
72 60 72 72 72 72 72 72
11 9 11 10 9 9 9 7 11 14 9 10 7 11 9 9 7 10 11 10 9 13 12 11 9 11 10 9 9 9 10 10 12 11 10 9 10 9 13 11 10 9 10 10 9 11 13 11 9 11 10 11 9 11 9 9 8 9 8 10 10 10 7 12 12 11 9 10 11 10 10 10 10 12 10 9 9 9 11 9
2 7 5 6 5 1 3 2 3 3 6 1 3 8 8 2 3 1 5 1 1 1 7 2 8 3 8 1 4 8 4 1 3 6 4 5 4 2 5 6 7 6 3 1 1 4 7 1 3 8 6 3 1 6 1 5 6 6 1 1 3 1 8 1 8 1 6 1 7 7 2 4 7 4 4 4 6 8 1 3
4 6 12 1 6 9 2 7 6 14 14 13 3 3 14 2 10 7 14 11 14 7 12 9 12 1 12 7 2 11 7 13 3 3 5 2 2 2 10 8 4 13 12 7 3 13 2 10 13 4 5 1 10 3 14 1 3 3 2 2 10 3 8 11 5 2 13 8 3 7 7 10 11 2 4 14 4 8 3 9
1 1 0 0 0 0 0 0 0 0 1 1 1 1 1 1 1 0 1 1 1 1 0 0 1 0 0 0 1 1 0 1 0 0 0 0 1 1 0 1 0 0 0 0 1 1 1 0 1 1 0 1 0 1 0 0 0 1 1 0 0 0 1 0 0 0 0 1 0 0 1 0 1 1 1 0 1 1 0 0